1 1.0 0.0
2 2.0 0.6931471805599453
10 10.0 2.302585092994046
20 20.0 2.995732273553991
30 30.0 3.4011973816621555
40 40.0 3.6888794541139363
50 50.0 3.912023005428146
100 100.0 4.605170185988092
150 150.0 5.0106352940962555
200 200.0 5.298317366548036
300 300.0 5.703782474656201
400 400.0 5.991464547107982
500 500.0 6.214608098422191
1000 1000.0 6.907755278982137
1500 1500.0 7.313220387090301
2000 2000.0 7.600902459542082
5000 5000.0 8.517193191416238
10000 10000.0 9.210340371976184
25000 25000.0 10.126631103850338
50000 50000.0 10.819778284410283
75000 75000.0 11.225243392518447
100000 100000.0 11.512925464970229
250000 250000.0 12.429216196844383
500000 500000.0 13.122363377404328
